583.660875	11.2	0	18.2	0.3
583.660875	11.2	10	18.6	0.3
583.660875	11.2	20	18.6	0.2
583.660875	11.2	30	19.2	0.28
583.660875	11.2	40	22.3	0.28
583.660875	11.2	50	21.5	0.43
583.660875	11.2	60	21.3	0.61
583.660875	11.2	70	21.7	0.45
583.660875	11.2	80	21.5	0.47
583.660875	11.2	90	21.8	0.25
583.660875	11.2	100	22.1	0.4
597.134015625	12.5	0	19.4	0.2
597.134015625	12.5	10	20	0.2
597.134015625	12.5	20	20.9	0.3
597.134015625	12.5	30	21.8	0.4
597.134015625	12.5	40	22.9	0.3
597.134015625	12.5	50	23.5	0.3
597.134015625	12.5	60	24.2	0.4
597.134015625	12.5	70	25.1	0.3
597.134015625	12.5	80	25.8	0.4
597.134015625	12.5	90	26.3	0.4
597.134015625	12.5	100	27.3	0.4
656.97375	17.3	0	21.5	0.3
656.97375	17.3	10	22	0.61
656.97375	17.3	20	22.7	0.45
656.97375	17.3	30	23.3	0.38
656.97375	17.3	40	24.2	0.31
656.97375	17.3	50	25.4	0.11
656.97375	17.3	60	27.5	0.33
656.97375	17.3	70	28.4	0.43
656.97375	17.3	80	29.3	0.4
656.97375	17.3	90	30.4	0.4
656.97375	17.3	100	30.9	0.3
678.872875	17.3	0	25.3	0.4
678.872875	17.3	10	26.3	0.4
678.872875	17.3	20	27.2	0.4
678.872875	17.3	30	28.5	0.3
678.872875	17.3	40	31	0.46
678.872875	17.3	50	31.5	0.37
678.872875	17.3	60	32.4	0.43
678.872875	17.3	70	33.4	0.38
678.872875	17.3	80	34.6	0.5
678.872875	17.3	90	35.8	0.4
678.872875	17.3	100	36.2	0.23
700.772	17.3	0	27.7	0.8
700.772	17.3	10	28.9	0.6
700.772	17.3	20	29	0.3
700.772	17.3	30	29.7	0.5
700.772	17.3	40	30.3	0.4
700.772	17.3	50	31.3	0.4
700.772	17.3	60	31.8	0.5
700.772	17.3	70	32.4	0.4
700.772	17.3	80	33.3	0.5
700.772	17.3	90	34.1	0.4
700.772	17.3	100	34.7	0.5